0 0.3672014260249554 0.5915775401069518 0.03565062388591798 0.12433155080213901
0 0.35739750445632795 0.7580213903743315 0.037433155080213894 0.1443850267379679
0 0.6131907308377897 0.731951871657754 0.04991087344028521 0.1296791443850266
0 0.5124777183600713 0.5835561497326204 0.044563279857397546 0.1296791443850268
0 0.34090909090909094 0.27473262032085555 0.03832442067736182 0.1082887700534759
0 0.1590909090909091 0.29278074866310155 0.045454545454545484 0.12299465240641705
0 0.3288770053475936 0.13903743315508021 0.08912655971479502 0.053475935828877004
0 0.41755793226381455 0.142379679144385 0.08288770053475936 0.04411764705882351
0 0.6319073083778965 0.1443850267379679 0.09269162210338684 0.05882352941176469
0 0.6590909090909091 0.2800802139037433 0.03475935828877013 0.11363636363636359
0 0.7443167459048031 0.2967613110993375 0.044510821066039555 0.13636363636363588
0 0.6100713012477718 0.2767379679144385 0.0365418894830659 0.11229946524064172
0 0.4327094474153298 0.2787433155080214 0.03832442067736182 0.1216577540106952
0 0.3872549019607844 0.27205882352941174 0.03654188948306605 0.13235294117647056
0 0.2580213903743311 0.7279411764705881 0.03297682709447419 0.1323529411764707
0 0.3133561301865763 0.5871469528555272 0.03634686727715558 0.12832797898858303
0 0.20849127619709776 0.7299589268162182 0.03966407133362722 0.12766872960511264
0 0.6085955945253418 0.5890734344158193 0.041316740972529645 0.12704897849053093
0 0.7622938709431477 0.7406025819325702 0.042969410611429455 0.1462612630427502
0 0.8566150515271725 0.7501244308942197 0.04533820010254409 0.13758474743851912
0 0.8479949636776312 0.5980967871839523 0.047386449359730284 0.13200698740722738
0 0.9436400730781572 0.597283144306856 0.04520419030097818 0.13820449855310668
0 0.8434812669541659 0.29345215275738246 0.045861582479506356 0.11961196511546959
0 0.9335517622742776 0.28880401939797307 0.04751425211840754 0.11155520062582645
1 0.2061024515839663 0.290297614757975 0.039045204512671995 0.12245995960792584
1 0.24993956755955693 0.2902976147579747 0.042239812154617515 0.12245995960792634
1 0.29466407454679894 0.29189491857894717 0.03940016091733135 0.12458969803589116
1 0.47888644856567814 0.2950895262208935 0.042949724963941255 0.1277843056778362
1 0.525158000695438 0.2867160358646434 0.04436955058258256 0.11021396364713375
1 0.5700599858850108 0.28831333968561645 0.04259476855927911 0.11127883286111566
1 0.7037010722397476 0.28804712238212116 0.04081998653597523 0.10542205218421437
1 0.799361823295794 0.2832552109192023 0.03975511732199322 0.11181126746810609
1 0.8856162296283321 0.29337146845203066 0.0404650301313161 0.12565456724987129
1 0.9773724602331118 0.29257281654154377 0.03869024810801019 0.1091490944331511
1 0.9042514408730156 0.5957943252229077 0.04578937620122811 0.1426924746735847
1 0.9843455627708886 0.591114668956383 0.027774407634463004 0.15927432183239473
1 0.971870635960872 0.4959628364120995 0.001419825618642534 0.0015973038209730105
1 0.7979646774659866 0.5961541029890618 0.04713392793807298 0.14482221310154664
1 0.756499906402791 0.5907361964564943 0.051113722271134206 0.14748438613650208
1 0.7073384443572902 0.5918010656704763 0.052178591485116076 0.14535464770853815
1 0.6546274182651831 0.5899375445460078 0.048274071033848995 0.1405627362456191
1 0.5602986847568431 0.5904699791529988 0.049338940247830934 0.14269247467358304
1 0.4633955862844845 0.5910024137599897 0.048629027438509664 0.14588708231552908
1 0.4154764716552961 0.5907361964564943 0.042949724963939104 0.14748438613650208
1 0.2243729897819363 0.5856384919014844 0.04089882612963862 0.146419516922519
1 0.2713641713630704 0.5888726753320258 0.0408199865359753 0.14269247467358312
1 0.311296766887394 0.7371557133790142 0.04614433260588509 0.13470595556871842
1 0.41281429862034125 0.7438111459664014 0.04401459417792111 0.15440603602738479
1 0.46215323886817217 0.7424800594489241 0.046144332605884984 0.1464195169225201
1 0.5122020919253245 0.7446097978768882 0.04472450698724245 0.15919794749030344
1 0.5601212065545128 0.7432787113594107 0.04685424541520632 0.15653577445534864
1 0.6607513472758084 0.74567466709087 0.05359841710375896 0.1549384706343757
1 0.713107416963255 0.746207101697861 0.05253354788977702 0.14961412456446582
1 0.8135600794822202 0.74567466709087 0.04614433260588512 0.14428977849455593
1 0.9051638640629498 0.7565573539102723 0.04606407957336853 0.14109517085260975
1 0.9559630273567907 0.7564797290918739 0.051415575856191525 0.13843299781765425
1 0.523915653279126 0.14721816883300648 0.1199752647753013 0.04525694159423347
